1,1,0,0,3,PENDIENTE,1,1,06:00:00,09:00:00,1
2,1,0,0,24,PENDIENTE,2,2,12:05:00,12:05:00,2
3,2,0,0,3,PENDIENTE,3,3,18:00:00,21:00:00,3
4,1,0,0,3,PENDIENTE,4,4,08:00:00,11:00:00,4
5,2,0,0,3,PENDIENTE,5,5,15:00:00,18:00:00,5
6,2,0,0,24,PENDIENTE,11,11,17:00:00,17:00:00,5
7,3,0,0,3,PENDIENTE,6,6,19:00:00,22:00:00,6
8,1,0,0,24,PENDIENTE,7,7,09:00:00,09:00:00,7
9,1,0,0,3,PENDIENTE,8,8,15:00:00,18:00:00,8
10,2,0,0,3,PENDIENTE,16,16,16:00:00,19:00:00,8
11,2,0,0,3,PENDIENTE,17,17,14:00:00,17:00:00,8
12,1,0,0,3,PENDIENTE,18,18,14:00:00,17:00:00,8
